   0.0000000000000000     
   1.2594856147053748E-003
   3.9348228942354150E-003
   1.0259308704294682E-002
   2.2320858028702512E-002
   3.7679143966973840E-002
   4.9740694919630665E-002
   5.6065177385864008E-002
   5.8740514442351698E-002
   5.9999999999999998E-002
   5.9999999999999998E-002
   6.1378573453567807E-002
   6.4564883326876432E-002
   7.2723749856125383E-002
   8.9241685826111139E-002
  0.11075831696621201     
  0.12727625495947803     
  0.13543511701271913     
  0.13862142661123689     
  0.14000000000000001     
  0.14000000000000001     
  0.14118772748090516     
  0.14358035304083952     
  0.14895380459480972     
  0.15881444847192705     
  0.17118555313756920     
  0.18104619842444561     
  0.18641964720682452     
  0.18881227257168987     
  0.19000000000000000     
  0.19000000000000000     
  0.22681107849424129     
  0.89985327168433749     
   2.4233890907545010     
   4.1879480863073244     
   6.0020522767107591     
   7.7666114784695433     
   9.2901468532691958     
   9.9631889263532738     
   10.000000000000000     
