   0.0000000000000000       -4.7397877581310470E-002
   1.2594856147053748E-003  -4.6277213132072934E-002
   3.9348228942354150E-003  -4.3896752931588477E-002
   1.0259308704294682E-002  -3.8269355266791712E-002
   2.2320858028702512E-002  -2.7537236239184294E-002
   3.7679143966973840E-002  -1.3871748637529701E-002
   4.9740694919630665E-002  -3.1396281611545864E-003
   5.6065177385864008E-002   2.4877665283614858E-003
   5.8740514442351698E-002   4.8682265303808432E-003
   5.9999999999999998E-002   5.9888909288468338E-003
   6.1378573453567807E-002   7.9711462408294624E-003
   6.4564883326876432E-002   1.2552751708163836E-002
   7.2723749856125383E-002   2.4284412778164160E-002
   8.9241685826111139E-002   4.8035607344355143E-002
  0.11075831696621201        7.8974442168867121E-002
  0.12727625495947803       0.10272563964431770     
  0.13543511701271913       0.11445729427823381     
  0.13862142661123689       0.11903889935043729     
  0.14000000000000001       0.12102115456923329     
  0.14118772748090516       0.12242623885955417     
  0.14358035304083952       0.12525672029652643     
  0.14895380459480972       0.13161352561143669     
  0.15881444847192705       0.14327868957112150     
  0.17118555313756920       0.15791373430912184     
  0.18104619842444561       0.16957889993654909     
  0.18641964720682452       0.17593570197265535     
  0.18881227257168987       0.17876618317885767     
  0.19000000000000000       0.18017126740695702     
  0.22681107849424129       0.21701922727269082     
  0.89985327168433749       0.89073574786619480     
   2.4233890907545010        2.4157980120182319     
   4.1879480863073244        4.1821249360672876     
   6.0020522767107591        5.9980466947677966     
   7.7666114784695433        7.7643738252260617     
   9.2901468532691958        9.2894356446586563     
   9.9631889263532738        9.9631520456901672     
   10.000000000000000        10.000000002271021     
